2 8.39e-06 1
2 8.037e-06 1
2 2.403e-06 1
2 2.321e-06 1
2 2.194e-06 1
3 1.213e-05 1
3 3.574e-06 1
3 1.1848e-05 1
3 3.422e-06 1
3 3.468e-06 1
4 2.6792e-05 1
4 2.6215e-05 1
4 7.482e-06 1
4 7.626e-06 1
4 7.848e-06 1
5 4.5018e-05 1
5 4.3719e-05 1
5 1.292e-05 1
5 1.3158e-05 1
5 4.4059e-05 1
6 0.000492979 1
6 0.000348018 1
6 0.000142061 1
6 0.000320933 1
6 0.000138779 1
7 0.00068502 1
7 0.000176159 1
7 0.00017975 1
7 0.000174775 1
7 0.000183008 1
8 0.000623794 1
8 0.000626015 1
8 0.000602033 1
8 0.000626226 1
8 0.00137535 1
9 0.00367353 1
9 0.00368244 1
9 0.0036402 1
9 0.00362245 1
9 0.00383317 1
10 0.0656393 1
10 0.0655092 1
10 0.0652479 1
10 0.0653209 1
10 0.06502 1
11 0.135854 1
11 0.13543 1
11 0.135984 1
11 0.136023 1
11 0.135921 1
12 0.596351 1
12 0.596784 1
12 0.59685 1
12 0.598953 1
12 0.598645 1
13 0.432486 1
13 0.431969 1
13 0.432014 1
13 0.434391 1
13 0.434166 1
14 5.99267 1
14 5.97755 1
14 5.99089 1
14 5.98664 1
14 5.9842 1
