2 1.261e-05 1
4 7.891e-06 1
8 0.000288779 1
10 0.000569254 1
12 0.0116846 1
2 1.1566e-05 1
4 2.3546e-05 1
8 0.000251195 1
10 0.00125625 1
12 0.011619 1
2 3.64e-06 1
4 7.073e-06 1
8 0.000231534 1
10 0.00047589 1
12 0.0109279 1
2 3.601e-06 1
4 6.984e-06 1
8 0.000675893 1
10 0.000471272 1
12 0.0116427 1
2 3.566e-06 1
4 2.405e-05 1
8 0.000483322 1
10 0.000472718 1
12 0.0116761 1
16 0.0575654 1
20 0.0929884 1
16 0.0578501 1
20 0.0941254 1
16 0.0583722 1
20 0.0931517 1
16 0.0572553 1
20 0.0934265 1
16 0.0584333 1
20 0.0929185 1
