8 0.00234097 1
8 0.00284815 1
8 0.00222684 1
8 0.00127073 2
8 0.00127364 2
8 0.00128477 2
8 0.000861755 3
8 0.000892973 3
8 0.00089803 3
8 0.00080683 4
8 0.000845398 4
8 0.00085594 4
8 0.000733392 5
8 0.000722546 5
8 0.000790681 5
8 0.00073788 6
8 0.000803213 6
8 0.000834502 6
8 0.000833892 7
8 0.000855987 7
8 0.000797191 7
8 0.000897483 8
8 0.000919674 8
8 0.000810524 8
8 0.000892383 9
8 0.000818994 9
8 0.000821408 9
8 0.000836066 10
8 0.000834235 10
8 0.000813411 10
8 0.000835092 11
8 0.00082992 11
8 0.000814635 11
8 0.000918165 12
8 0.000879905 12
8 0.000878038 12
8 0.000918124 13
8 0.000897084 13
8 0.000873895 13
8 0.000935026 14
8 0.000951364 14
8 0.00102825 14
8 0.000900456 15
8 0.000921906 15
8 0.000915543 15
8 0.000934148 16
8 0.000939134 16
8 0.000917782 16
8 0.000908394 17
8 0.000963626 17
8 0.000931651 17
8 0.00088728 18
8 0.000956469 18
8 0.000888165 18
8 0.000913815 19
8 0.000951685 19
8 0.000920664 19
8 0.000955628 20
8 0.000906813 20
8 0.000890889 20
8 0.000875368 21
8 0.000873305 21
8 0.000890634 21
8 0.000916719 22
8 0.000914196 22
8 0.000902444 22
8 0.00098005 23
8 0.000896163 23
8 0.000888377 23
8 0.000909541 24
8 0.000911153 24
8 0.000909208 24
8 0.000947699 25
8 0.00101804 25
8 0.000903701 25
8 0.000901205 26
8 0.000906297 26
8 0.000930149 26
8 0.000912376 27
8 0.00095478 27
8 0.000982088 27
8 0.00090973 28
8 0.000955403 28
8 0.000884439 28
8 0.00090547 29
8 0.000892007 29
8 0.000922236 29
8 0.000899779 30
8 0.000903757 30
8 0.000916925 30
8 0.0009131 31
8 0.000913373 31
8 0.000906259 31
8 0.000914691 32
8 0.000991766 32
8 0.000968338 32
9 0.0103386 1
9 0.00922205 1
9 0.00839537 1
9 0.00455051 2
9 0.00463377 2
9 0.00453662 2
9 0.00332606 3
9 0.00335233 3
9 0.00337956 3
9 0.00319969 4
9 0.00325727 4
9 0.0031969 4
9 0.00269607 5
9 0.00267664 5
9 0.00287564 5
9 0.00289715 6
9 0.00294927 6
9 0.00279134 6
9 0.00299141 7
9 0.00302937 7
9 0.00278113 7
9 0.00288009 8
9 0.00308926 8
9 0.00298377 8
9 0.0029675 9
9 0.00322055 9
9 0.00303028 9
9 0.00283105 10
9 0.00324906 10
9 0.002949 10
9 0.0033261 11
9 0.0030911 11
9 0.00327464 11
9 0.00306944 12
9 0.00327599 12
9 0.00297998 12
9 0.00292977 13
9 0.00303042 13
9 0.0031076 13
9 0.00328699 14
9 0.00307845 14
9 0.00333971 14
9 0.00327559 15
9 0.00330095 15
9 0.00330513 15
9 0.00326677 16
9 0.00327133 16
9 0.00309327 16
9 0.00317654 17
9 0.00328731 17
9 0.00310248 17
9 0.00326842 18
9 0.00327483 18
9 0.0033951 18
9 0.00328243 19
9 0.00324219 19
9 0.00323107 19
9 0.00328627 20
9 0.00317716 20
9 0.00326578 20
9 0.00325896 21
9 0.00324927 21
9 0.00333309 21
9 0.00331735 22
9 0.00325302 22
9 0.00328075 22
9 0.00317605 23
9 0.00325755 23
9 0.00330142 23
9 0.00325182 24
9 0.00325923 24
9 0.00328064 24
9 0.00326309 25
9 0.00327617 25
9 0.00327888 25
9 0.00327435 26
9 0.00329343 26
9 0.00332354 26
9 0.00326127 27
9 0.00324375 27
9 0.00326806 27
9 0.00329216 28
9 0.00331247 28
9 0.00343159 28
9 0.00326326 29
9 0.00344055 29
9 0.00328504 29
9 0.00325718 30
9 0.00329491 30
9 0.0033017 30
9 0.00324779 31
9 0.00331975 31
9 0.00328229 31
9 0.00327842 32
9 0.00329202 32
9 0.00323348 32
10 0.0349999 1
10 0.0312506 1
10 0.0318869 1
10 0.0161304 2
10 0.0164749 2
10 0.016358 2
10 0.0114679 3
10 0.0114148 3
10 0.0116757 3
10 0.011457 4
10 0.0111549 4
10 0.0114385 4
10 0.00971412 5
10 0.00972885 5
10 0.00969244 5
10 0.00978429 6
10 0.0105229 6
10 0.00982646 6
10 0.00976497 7
10 0.0101323 7
10 0.0107099 7
10 0.00972716 8
10 0.0106896 8
10 0.0104795 8
10 0.00991274 9
10 0.0104492 9
10 0.0105876 9
10 0.011129 10
10 0.0106789 10
10 0.0106792 10
10 0.0106504 11
10 0.0118361 11
10 0.011091 11
10 0.0106725 12
10 0.010696 12
10 0.0107638 12
10 0.0107234 13
10 0.0106703 13
10 0.0117984 13
10 0.0108948 14
10 0.0118537 14
10 0.0107032 14
10 0.0108944 15
10 0.0117589 15
10 0.0107325 15
10 0.0106932 16
10 0.0106512 16
10 0.0118448 16
10 0.0111871 17
10 0.0106914 17
10 0.0118325 17
10 0.0112752 18
10 0.0118649 18
10 0.0108778 18
10 0.0109759 19
10 0.0113347 19
10 0.0118978 19
10 0.011665 20
10 0.0118531 20
10 0.0118355 20
10 0.0114567 21
10 0.0118875 21
10 0.0118336 21
10 0.0117539 22
10 0.011922 22
10 0.011888 22
10 0.0118838 23
10 0.0118222 23
10 0.0119171 23
10 0.0118012 24
10 0.0118265 24
10 0.0119104 24
10 0.0118491 25
10 0.0118094 25
10 0.0118664 25
10 0.0119172 26
10 0.0118329 26
10 0.0119063 26
10 0.0117976 27
10 0.0118224 27
10 0.0118232 27
10 0.0118652 28
10 0.0118094 28
10 0.0118576 28
10 0.0118648 29
10 0.0119157 29
10 0.0118455 29
10 0.0119106 30
10 0.0118532 30
10 0.0119059 30
10 0.0119985 31
10 0.0118276 31
10 0.0118498 31
10 0.0120439 32
10 0.0118415 32
10 0.0118338 32
11 0.128892 1
11 0.12361 1
11 0.123874 1
11 0.0641476 2
11 0.0639195 2
11 0.0636652 2
11 0.0450443 3
11 0.0448271 3
11 0.0448833 3
11 0.0400514 4
11 0.0449114 4
11 0.0474664 4
11 0.0356627 5
11 0.035355 5
11 0.0354835 5
11 0.0357157 6
11 0.0356143 6
11 0.035327 6
11 0.0358086 7
11 0.0361094 7
11 0.0364781 7
11 0.0356847 8
11 0.0357906 8
11 0.0354117 8
11 0.0371986 9
11 0.0371494 9
11 0.0367637 9
11 0.0368907 10
11 0.0370284 10
11 0.0371701 10
11 0.0358737 11
11 0.0363105 11
11 0.0369205 11
11 0.0364347 12
11 0.0369888 12
11 0.0370153 12
11 0.0368075 13
11 0.0375689 13
11 0.0384344 13
11 0.0387142 14
11 0.0378762 14
11 0.0374628 14
11 0.0374937 15
11 0.0385227 15
11 0.0374464 15
11 0.039303 16
11 0.0383269 16
11 0.0389127 16
11 0.0375135 17
11 0.0376412 17
11 0.0391801 17
11 0.0383138 18
11 0.0386449 18
11 0.0374745 18
11 0.0384114 19
11 0.0374204 19
11 0.0397672 19
11 0.0378402 20
11 0.0376628 20
11 0.039341 20
11 0.0387161 21
11 0.0406401 21
11 0.0395522 21
11 0.0389546 22
11 0.0396415 22
11 0.0390151 22
11 0.0386334 23
11 0.0400873 23
11 0.039596 23
11 0.0386203 24
11 0.0397036 24
11 0.0389244 24
11 0.0410059 25
11 0.0395626 25
11 0.0391348 25
11 0.0400092 26
11 0.0389042 26
11 0.0408147 26
11 0.0397666 27
11 0.0400048 27
11 0.0396993 27
11 0.0403266 28
11 0.0397899 28
11 0.0395585 28
11 0.0400433 29
11 0.0406161 29
11 0.0395841 29
11 0.0390753 30
11 0.0396646 30
11 0.0387574 30
11 0.0403552 31
11 0.0398591 31
11 0.039761 31
11 0.0395131 32
11 0.0383963 32
11 0.0387055 32
12 0.306776 1
12 0.302358 1
12 0.302391 1
12 0.176767 2
12 0.177369 2
12 0.175963 2
12 0.129485 3
12 0.129692 3
12 0.129392 3
12 0.1012 4
12 0.104158 4
12 0.10367 4
12 0.0911409 5
12 0.0905301 5
12 0.0898451 5
12 0.0781484 6
12 0.078056 6
12 0.0772675 6
12 0.0765101 7
12 0.0766163 7
12 0.076668 7
12 0.0708696 8
12 0.0709948 8
12 0.070355 8
12 0.0721625 9
12 0.0724694 9
12 0.0719794 9
12 0.0720697 10
12 0.0745264 10
12 0.0727484 10
12 0.0752817 11
12 0.0736564 11
12 0.0751577 11
12 0.0726182 12
12 0.0732566 12
12 0.0707556 12
12 0.0725512 13
12 0.0716704 13
12 0.0721151 13
12 0.0726544 14
12 0.0712678 14
12 0.0743913 14
12 0.0741353 15
12 0.0737254 15
12 0.0725114 15
12 0.0741867 16
12 0.0746267 16
12 0.0739512 16
12 0.074812 17
12 0.076156 17
12 0.0740827 17
12 0.0746927 18
12 0.07383 18
12 0.0722952 18
12 0.0729542 19
12 0.0756806 19
12 0.0734265 19
12 0.073955 20
12 0.0736383 20
12 0.0748424 20
12 0.075171 21
12 0.0760122 21
12 0.0747145 21
12 0.0753616 22
12 0.0740977 22
12 0.075669 22
12 0.0754162 23
12 0.0768476 23
12 0.0759551 23
12 0.0746637 24
12 0.0765469 24
12 0.0746653 24
12 0.0759045 25
12 0.0768729 25
12 0.0728576 25
12 0.0758825 26
12 0.0769515 26
12 0.0746833 26
12 0.0732464 27
12 0.0774951 27
12 0.0757803 27
12 0.0747052 28
12 0.0762448 28
12 0.0770503 28
12 0.0759471 29
12 0.0762608 29
12 0.0768287 29
12 0.0765135 30
12 0.076527 30
12 0.0725944 30
12 0.0750332 31
12 0.0756422 31
12 0.0746391 31
12 0.0739277 32
12 0.0731724 32
12 0.076804 32
13 1.27143 1
13 1.27327 1
13 1.26448 1
13 0.671821 2
13 0.672838 2
13 0.674122 2
13 0.454019 3
13 0.451809 3
13 0.453443 3
13 0.395072 4
13 0.395045 4
13 0.39742 4
13 0.399858 5
13 0.408746 5
13 0.403322 5
13 0.400998 6
13 0.399769 6
13 0.402605 6
13 0.405338 7
13 0.399564 7
13 0.405673 7
13 0.401985 8
13 0.406231 8
13 0.404393 8
13 0.404199 9
13 0.404079 9
13 0.40424 9
13 0.405204 10
13 0.398637 10
13 0.406448 10
13 0.406884 11
13 0.404044 11
13 0.406943 11
13 0.404245 12
13 0.399449 12
13 0.407475 12
13 0.410391 13
13 0.39735 13
13 0.399641 13
13 0.404982 14
13 0.399559 14
13 0.409052 14
13 0.40377 15
13 0.405535 15
13 0.405116 15
13 0.405226 16
13 0.398989 16
13 0.421308 16
13 0.407156 17
13 0.409441 17
13 0.411264 17
13 0.411963 18
13 0.41108 18
13 0.403834 18
13 0.403135 19
13 0.402517 19
13 0.409456 19
13 0.405372 20
13 0.410635 20
13 0.402763 20
13 0.411735 21
13 0.409214 21
13 0.413497 21
13 0.407129 22
13 0.412275 22
13 0.413777 22
13 0.412156 23
13 0.410187 23
13 0.400398 23
13 0.416706 24
13 0.407025 24
13 0.403013 24
13 0.396535 25
13 0.41326 25
13 0.41207 25
13 0.409019 26
13 0.405935 26
13 0.408141 26
13 0.411448 27
13 0.413047 27
13 0.400726 27
13 0.405327 28
13 0.401855 28
13 0.423524 28
13 0.406066 29
13 0.407471 29
13 0.415603 29
13 0.408201 30
13 0.403251 30
13 0.402336 30
13 0.411718 31
13 0.4041 31
13 0.410534 31
13 0.407728 32
13 0.396213 32
13 0.409444 32
14 4.15446 1
14 4.1569 1
14 4.15874 1
14 2.25171 2
14 2.2625 2
14 2.25137 2
14 1.52615 3
14 1.52138 3
14 1.52037 3
14 1.19171 4
14 1.23721 4
14 1.20588 4
14 1.0168 5
14 1.02251 5
14 1.03137 5
14 0.871333 6
14 0.877756 6
14 0.887117 6
14 0.858429 7
14 0.862871 7
14 0.858509 7
14 0.863255 8
14 0.867199 8
14 0.853459 8
14 0.860782 9
14 0.874425 9
14 0.872848 9
14 0.869597 10
14 0.87073 10
14 0.855074 10
14 0.87082 11
14 0.904081 11
14 0.867574 11
14 0.853483 12
14 0.861474 12
14 0.861051 12
14 0.859386 13
14 0.852984 13
14 0.870379 13
14 0.856616 14
14 0.864516 14
14 0.850827 14
14 0.855571 15
14 0.860647 15
14 0.864311 15
14 0.870089 16
14 0.853732 16
14 0.859273 16
14 0.860609 17
14 0.855976 17
14 0.85312 17
14 0.88521 18
14 0.848639 18
14 0.860102 18
14 0.879806 19
14 0.879175 19
14 0.871261 19
14 0.855963 20
14 0.845745 20
14 0.890428 20
14 0.859183 21
14 0.874064 21
14 0.864271 21
14 0.857865 22
14 0.877939 22
14 0.878167 22
14 0.871978 23
14 0.88083 23
14 0.859781 23
14 0.853587 24
14 0.862401 24
14 0.863522 24
14 0.874207 25
14 0.853421 25
14 0.878421 25
14 0.863275 26
14 0.933333 26
14 0.860376 26
14 0.881933 27
14 0.874033 27
14 0.861232 27
14 0.85953 28
14 0.867724 28
14 0.85256 28
14 0.86342 29
14 0.865372 29
14 0.859676 29
14 0.854077 30
14 0.854146 30
14 0.858829 30
14 0.860837 31
14 0.849485 31
14 0.877034 31
14 0.860256 32
14 0.863181 32
14 0.861142 32
15 20.5304 1
15 20.5502 1
15 20.509 1
15 10.3888 2
15 10.3587 2
15 10.3539 2
15 7.53158 3
15 7.53967 3
15 7.54499 3
15 6.11806 4
15 6.09458 4
15 6.15424 4
15 5.04261 5
15 5.00872 5
15 5.05461 5
15 4.55907 6
15 4.5736 6
15 4.57202 6
15 4.04722 7
15 4.04537 7
15 4.04126 7
15 3.54373 8
15 3.53937 8
15 3.49567 8
15 3.23864 9
15 3.19438 9
15 3.19492 9
15 3.17556 10
15 3.1767 10
15 3.12543 10
15 3.20011 11
15 3.20173 11
15 3.21452 11
15 3.12275 12
15 3.12588 12
15 3.16815 12
15 3.1446 13
15 3.15177 13
15 3.14529 13
15 3.16159 14
15 3.14599 14
15 3.1245 14
15 3.11561 15
15 3.12039 15
15 3.119 15
15 3.14135 16
15 3.12299 16
15 3.12385 16
15 3.15193 17
15 3.13288 17
15 3.12377 17
15 3.16959 18
15 3.18016 18
15 3.14678 18
15 3.21269 19
15 3.15362 19
15 3.17454 19
15 3.10928 20
15 3.18146 20
15 3.15509 20
15 3.16827 21
15 3.13897 21
15 3.19212 21
15 3.12951 22
15 3.18542 22
15 3.11874 22
15 3.14624 23
15 3.13622 23
15 3.15727 23
15 3.21362 24
15 3.12202 24
15 3.14464 24
15 3.12715 25
15 3.12429 25
15 3.14248 25
15 3.14761 26
15 3.16359 26
15 3.11606 26
15 3.16721 27
15 3.23196 27
15 3.12244 27
15 3.11824 28
15 3.14992 28
15 3.10655 28
15 3.17794 29
15 3.13925 29
15 3.22162 29
15 3.11078 30
15 3.15139 30
15 3.12602 30
15 3.18818 31
15 3.14299 31
15 3.22253 31
15 3.19433 32
15 3.17308 32
15 3.17951 32
16 70.2274 1
16 70.3354 1
16 70.2168 1
16 36.4628 2
16 36.5152 2
16 36.4768 2
16 24.3353 3
16 24.2967 3
16 24.0446 3
16 20.0352 4
16 20.1008 4
16 20.4944 4
16 17.0913 5
16 16.9138 5
16 17.1024 5
16 14.8144 6
16 14.8345 6
16 14.6704 6
16 12.9395 7
16 13.0077 7
16 12.9323 7
16 12.1969 8
16 12.025 8
16 12.0954 8
16 10.7121 9
16 10.7979 9
16 10.7269 9
16 10.0677 10
16 10.1009 10
16 10.0399 10
16 9.78861 11
16 9.8151 11
16 9.95593 11
16 9.17109 12
16 9.20387 12
16 9.28007 12
16 8.98312 13
16 9.07457 13
16 8.96703 13
16 8.85783 14
16 8.89701 14
16 8.8584 14
16 9.01049 15
16 8.99341 15
16 9.96858 15
16 9.02058 16
16 8.89732 16
16 8.78878 16
16 8.91277 17
16 8.83487 17
16 8.72402 17
16 8.95003 18
16 9.10952 18
16 9.01044 18
16 8.83666 19
16 8.94148 19
16 8.77326 19
16 8.77717 20
16 8.76756 20
16 8.74225 20
16 9.07482 21
16 8.81314 21
16 8.78104 21
16 8.77286 22
16 8.83848 22
16 9.06242 22
16 9.00906 23
16 8.73329 23
16 8.75299 23
16 8.70444 24
16 8.81337 24
16 8.7293 24
16 8.78838 25
16 9.06826 25
16 8.86035 25
16 8.8851 26
16 9.22694 26
16 8.88696 26
16 8.911 27
16 8.81746 27
16 8.96625 27
16 8.95653 28
16 9.1309 28
16 8.75322 28
16 8.76733 29
16 8.76825 29
16 8.71013 29
16 8.99759 30
16 8.92776 30
16 8.85672 30
16 8.92895 31
16 8.7759 31
16 8.92761 31
16 8.92136 32
16 8.91109 32
16 8.77742 32
