2 1.911e-06 1
2 5.717e-06 1
2 1.744e-06 1
2 5.717e-06 1
2 1.568e-06 1
3 2.38e-06 1
3 2.214e-06 1
3 2.292e-06 1
3 7.904e-06 1
3 2.291e-06 1
4 4.078e-06 1
4 3.921e-06 1
4 1.9605e-05 1
4 1.3967e-05 1
4 1.3849e-05 1
5 7.072e-06 1
5 6.684e-06 1
5 6.939e-06 1
5 2.4002e-05 1
5 2.3381e-05 1
6 9.1406e-05 1
6 2.4604e-05 1
6 2.4927e-05 1
6 2.6217e-05 1
6 2.5024e-05 1
7 0.00031934 1
7 0.000468867 1
7 0.000162031 1
7 0.000142874 1
7 0.00045703 1
8 0.00104152 1
8 0.000963564 1
8 0.000962674 1
8 0.000982753 1
8 0.00153054 1
9 0.00759907 1
9 0.00765231 1
9 0.00784802 1
9 0.00773252 1
9 0.00793786 1
10 0.0700135 1
10 0.0714037 1
10 0.0707172 1
10 0.0705367 1
10 0.0720792 1
11 0.76581 1
11 0.766003 1
11 0.76638 1
11 0.765935 1
11 0.765189 1
12 8.78305 1
12 8.76461 1
2 1.649e-06 1
2 1.642e-06 1
2 5.604e-06 1
2 1.572e-06 1
2 1.601e-06 1
3 2.175e-06 1
3 8.139e-06 1
3 7.58e-06 1
3 7.37e-06 1
3 2.246e-06 1
4 3.813e-06 1
4 3.662e-06 1
4 3.667e-06 1
4 1.242e-05 1
4 3.644e-06 1
5 6.355e-06 1
5 2.2051e-05 1
5 2.191e-05 1
5 6.671e-06 1
5 2.3486e-05 1
6 2.4239e-05 1
6 8.6927e-05 1
6 2.408e-05 1
6 2.4687e-05 1
6 8.3794e-05 1
7 0.000137202 1
7 0.000458256 1
7 0.000135689 1
7 0.000133153 1
7 0.000306738 1
8 0.00128718 1
8 0.000959228 1
8 0.000975244 1
8 0.000963779 1
8 0.000971634 1
9 0.0082369 1
9 0.00784003 1
9 0.00796002 1
9 0.00783165 1
9 0.00783114 1
10 0.0699872 1
10 0.0700049 1
10 0.0712644 1
10 0.0697773 1
10 0.0699301 1
11 0.76581 1
11 0.766542 1
11 0.766549 1
11 0.768611 1
11 0.770745 1
12 8.77476 1
12 8.77737 1
12 8.75626 1
12 8.77463 1
12 8.76018 1
13 109.451 1
13 109.444 1
13 110.501 1
13 109.611 1
13 110.017 1
14 1477.7 1
14 1477.65 1
14 1477.58 1
14 1477.68 1
14 1479.85 1
13 105.195 1
